ParAMS: Komissarov, Rueger, Hellstrom, Verstraelen
 39 ! Number of general parameters
   50.0000
    9.5469
  127.8302
    3.0000
    6.5000
    0.0000
    1.0496
    9.0000
   11.5054
   13.4059
    0.0000
    0.0000
   10.0000
    2.8793
   33.8667
    7.0994
    1.0563
    2.0384
    6.1431
    6.9290
    0.3989
    4.3360
   -2.4837
    5.7796
   10.0000
    1.9487
   -1.2327
    2.1645
    1.5135
    0.1072
    2.0038
    0.6121
    1.2172
    1.8512
    0.5000
   20.0000
    5.0000
    0.0000
    3.6942
  4 ! Number of atoms



 C    1.3763   3.8927  12.0000   1.7022   0.2138   0.8712   1.2596   4.0000
      7.7676   1.9198   3.7954  42.7976  79.5548   5.7254   6.9235   0.0000
      1.2065   0.0000  -0.8579   8.7956  19.0071  28.3675   0.8563   0.0000
     -7.4660   3.2369   1.0564   4.0000   2.8623   0.0000   0.0000   0.0000
 H    0.6646   1.0000   1.0080   1.6030   0.0600   0.7625  -0.1000   1.0000
      8.9385   4.5386   1.0000   0.0000 121.1250   3.8196   9.8832   1.0000
     -0.1000   0.0000  -0.1339   2.5732   2.6456   3.1680   1.0698   0.0000
    -12.9330   3.0626   1.0338   1.0000   2.8793   0.0000   0.0000   0.0000
 O    1.2699   2.0000  15.9990   1.9741   0.0880   1.0804   1.0624   6.0000
     10.2186   7.7719   4.0000  22.2904 116.0768   8.5000   8.0697   2.0000
      0.9446   8.6170  -1.2371  17.0845   4.0798   0.5350   0.9745   0.0000
     -4.0944   2.0546   1.0493   4.0000   2.9225   0.0000   0.0000   0.0000
 S    1.6511   2.0000  32.0600   1.9019   0.6725   1.0336  -0.1000   6.0000
      9.6692   4.9160   4.0000  55.8316 112.1416   6.5000   8.2545   2.0000
     -0.1000   9.7177  -2.3700  16.9855  12.7440   2.3426   0.9745   0.0000
     -9.0708   3.7542   1.0338   4.0000   2.8956   0.0000   0.0000   0.0000
 10 ! Number of bonds

  1  1 145.4070 103.0681  73.7841   0.2176  -0.7816   1.0000  28.4167   0.3217
         0.1111  -0.1940  10.7510   1.0000  -0.0836   5.9724   1.0000   0.0000
  1  2 167.1752   0.0000   0.0000  -0.4421   0.0000   1.0000   6.0000   0.5969
        17.4194   1.0000   0.0000   1.0000  -0.0099  10.8724  -0.8020   0.0000
  1  3 171.0470  67.2480 130.3792   0.3600  -0.1696   1.0000  12.0338   0.3796
         0.3647  -0.2660   7.3744   1.0000  -0.1458   5.0637  -0.2707   0.0000
  1  4 123.5848   0.0000   0.0000   0.2279   0.0000   1.0000   6.0000   0.5376
         8.0640   1.0000   0.0000   1.0000  -0.1597   3.7239   1.0000   0.0000
  2  2 188.1606   0.0000   0.0000  -0.3140   0.0000   1.0000   6.0000   0.6816
         8.6247   1.0000   0.0000   1.0000  -0.0183   5.7082   0.0000   0.0000
  2  3 216.6018   0.0000   0.0000  -0.4300   0.0000   1.0000   6.0000   0.9143
         4.7737   1.0000   0.0000   1.0000  -0.0485   5.9451   0.0000   0.0000
  2  4 153.2367   0.0000   0.0000  -0.3890   0.0000   1.0000   6.0000   0.6485
         3.4079   1.0000   0.0000   1.0000  -0.1395   5.6911   1.0000   0.0000
  3  3  90.2465 160.9645  40.0000   0.9950  -0.2435   1.0000  28.1614   0.9704
         0.8145  -0.1850   7.5281   1.0000  -0.1283   6.2396   1.0000   0.0000
  3  4   0.0000   0.0000   0.0000   0.5563   0.0000   1.0000   6.0000   0.6000
         0.4259  -0.4577  12.7569   1.0000  -0.1100   7.1145   1.0000   0.0000
  4  4 117.1855   0.0000   0.0000   0.5590   0.0000   1.0000   6.0000   0.5192
         4.8838   1.0000   0.0000   1.0000  -0.2515   3.9519   1.0000   0.0000
  6 ! Number of off-diagonal terms
  1  2   0.0455   1.7218   7.9714   1.2624  -1.0000  -1.0000
  1  3   0.0877   1.9820   9.5927   1.1642   1.1203   1.0805
  1  4   0.3463   1.4412  11.6206   1.4128  -1.0000  -1.0000
  2  3   0.0471   1.9185  10.2219   0.9406  -1.0000  -1.0000
  2  4   0.3157   1.3772   9.9744   1.3300  -1.0000  -1.0000
  3  4   0.1359   2.0203  10.1000   1.4156   1.3050  -1.0000
 31 ! Number of angles
  1  1  1  70.0265  13.6338   2.1884   0.0000   0.1676  26.3587   1.0400
  1  1  2  64.4903  10.3544   8.4326   0.0000   0.1153   0.0000   1.0400
  1  1  3  86.5839  16.7105   3.5244   0.0000   1.1127   0.0000   1.1880
  1  1  4  75.6104  38.5451   4.1051   0.1463   1.1777   0.0000   2.0130
  1  2  1   0.0000   3.4110   7.7350   0.0000   0.0000   0.0000   1.0400
  1  3  1  79.1091  45.0000   0.7067   0.0000   0.6142   0.0000   1.0783
  1  3  2  86.0996  44.7226   1.3136   0.0000   0.1218   0.0000   1.1437
  1  3  3  83.7151  42.6867   0.9699   0.0000   0.6142   0.0000   1.0783
  1  3  4  85.3644  36.9951   2.0903   0.1463   0.0559   0.0000   1.0400
  1  4  1  80.9601  35.9462   0.9508   0.1463   2.1025   0.0000   1.3765
  1  4  2  86.1791  36.9951   2.0903   0.0000   0.0000   0.0000   1.0400
  1  4  3  85.3644  36.9951   2.0903   0.1463   0.0559   0.0000   1.0400
  1  4  4  79.4158  21.9773   1.9571   0.1463   2.1939   0.0000   1.5061
  2  1  2  74.6020  11.8629   2.9294   0.0000   0.1367   0.0000   1.0400
  2  1  3  66.6150  13.6403   3.8212   0.0000   0.0755   0.0000   1.0500
  2  1  4  74.9397  25.0560   1.8787   0.0000   0.0000   0.0000   1.0400
  2  3  2  79.2954  26.3838   2.2044   0.0000   0.1218   0.0000   1.0500
  2  3  3  84.1057   9.6413   7.5000   0.0000   0.1218   0.0000   1.0500
  2  3  4  84.1057   9.6413   7.5000   0.0000   0.1218   0.0000   1.0500
  2  4  2  90.4790  41.4332   0.5118   0.0000   1.8940   0.0000   1.0400
  2  4  3  84.3331  36.9951   2.0903   0.0000   0.0000   0.0000   1.0400
  2  4  4  73.3934  13.8498   1.7976   0.0000   1.5770   0.0000   1.0400
  3  1  3  80.0708  45.0000   2.1487   0.0000   1.1127 -35.0000   1.1880
  3  1  4  80.0708  45.0000   2.1487   0.0000   1.1127 -35.0000   0.9218
  3  3  3  80.0108  38.3716   1.1572 -38.4200   0.6142   0.0000   1.0783
  3  3  4  80.0108  38.3716   1.1572 -38.4200   0.6142   0.0000   1.0783
  3  4  3  80.0108  38.3716   1.1572 -38.4200   0.6142   0.0000   1.0783
  3  4  4  80.0108  38.3716   1.1572 -38.4200   0.6142   0.0000   1.0783
  4  1  4  71.4075  21.3515   1.5584   0.0000   2.0477 -35.0000   2.2611
  4  3  4  80.0108  38.3716   1.1572 -38.4200   0.6142   0.0000   1.0783
  4  4  4  80.0108  38.3716   1.1572 -38.4200   0.6142   0.0000   1.0783
 15 ! Number of torsions
  1  1  1  1   0.0000  23.2168   0.1811  -4.6220  -1.9387   0.0000   0.0000
  1  1  1  2   0.0000  45.7984   0.3590  -5.7106  -2.9459   0.0000   0.0000
  2  1  1  2   0.0000  44.6445   0.3486  -5.1725  -0.8717   0.0000   0.0000
  1  1  4  4   3.3423  30.3435   0.0365  -2.7171   0.0000   0.0000   0.0000
  1  4  4  1   6.2190 -15.0361  -0.8774  -1.5724   0.0000   0.0000   0.0000
  0  1  1  0   0.0000  23.2168   0.1811  -4.6220  -1.9387   0.0000   0.0000
  0  1  2  0   0.0000   0.0000   0.0000   0.0000   0.0000   0.0000   0.0000
  0  1  3  0   5.0520  16.7344   0.5590  -3.0181  -2.0000   0.0000   0.0000
  0  1  4  0   3.3423  30.3435   0.0365  -2.7171   0.0000   0.0000   0.0000
  0  2  2  0   0.0000   0.0000   0.0000   0.0000   0.0000   0.0000   0.0000
  0  2  3  0   0.0000   0.1000   0.0200  -2.5415   0.0000   0.0000   0.0000
  0  2  4  0   0.0000   0.0000   0.0000   0.0000   0.0000   0.0000   0.0000
  0  3  3  0   0.0115  68.9706   0.8253 -28.4693   0.0000   0.0000   0.0000
  0  3  4  0   0.0115  68.9706   0.8253 -28.4693   0.0000   0.0000   0.0000
  0  4  4  0   0.7048 -20.6682   1.2272  -0.9578   0.0000   0.0000   0.0000
  4 ! Number of hydrogen bonds
  3  2  3   2.0431  -6.6813   3.5000   1.7295
  3  2  4   2.6644  -3.9547   3.5000   1.7295
  4  2  3   2.1126  -4.5790   3.5000   1.7295
  4  2  4   1.9461  -4.0000   3.5000   1.7295
